
A:
     77.99     848.29      88.34     892.34 
    888.99     388.23     899.12     874.45 
    987.87      78.93     383.83     778.08 
     84.09     277.02     738.23      98.39 

B:
    693.87     937.60     883.40      88.90 
    899.83     883.84      12.09      45.87 
    874.84     892.84      98.98     274.87 
    652.77      87.98      83.23     111.92 

c:
     44.88

V:
    738.08
     98.08
    673.93
    984.65

Suma macierzy A i B:
    771.86    1785.89     971.74     981.24 
   1788.82    1272.07     911.21     920.32 
   1862.71     971.77     482.81    1052.95 
    736.86     365.00     821.46     210.31 

Roznica macierzy A i B:
   -615.88     -89.31    -795.06     803.44 
    -10.84    -495.61     887.03     828.58 
    113.03    -813.91     284.85     503.21 
   -568.68     189.04     655.00     -13.53 

Iloczyn macierzy A i liczby c:
   3500.19   38071.26    3964.70   40048.22 
  39897.87   17423.76   40352.51   39245.32 
  44335.61    3542.38   17226.29   34920.23 
   3773.96   12432.66   33131.76    4415.74 

Iloczyn macierzy A i wektora V:
1078940.70
2161194.47
1761679.57
 683630.33

Iloczyn macierzy A i B:
1477207.86  980257.62  162165.54  169997.08 
2323585.36 2056354.64  951802.84  441848.88 
1600174.06 1407142.66  976389.71  284028.23 
1017677.61  991461.77  158893.28  234111.60 

Transpozycja macierzy A:
     77.99     888.99     987.87      84.09 
    848.29     388.23      78.93     277.02 
     88.34     899.12     383.83     738.23 
    892.34     874.45     778.08      98.39 
